0.000000000000000000e+00 1.234098040866795612e-04
8.403361344537814762e-03 1.743277584103094071e-04
1.680672268907562952e-02 2.486690483291455634e-04
2.521008403361344602e-02 3.549133636603556217e-04
3.361344537815125905e-02 5.042757040325262802e-04
4.201680672268907207e-02 7.114496366129544752e-04
5.042016806722689204e-02 9.954947776616529347e-04
5.882352941176470507e-02 1.380876468556946563e-03
6.722689075630251809e-02 1.898658713431831523e-03
7.563025210084033112e-02 2.587841719549514169e-03
8.403361344537814415e-02 3.496822537769232915e-03
9.243697478991595717e-02 4.684941220987316746e-03
1.008403361344537841e-01 6.224055745026994997e-03
1.092436974789915971e-01 8.200067154966593497e-03
1.176470588235294101e-01 1.071429291704881909e-02
1.260504201680672232e-01 1.388456265608127571e-02
1.344537815126050362e-01 1.784588822375295092e-02
1.428571428571428492e-01 2.275054172961649829e-02
1.512605042016806622e-01 2.876736351136525635e-02
1.596638655462184753e-01 3.608011998468635406e-02
1.680672268907562883e-01 4.488474184445621212e-02
1.764705882352941013e-01 5.538529882542108512e-02
1.848739495798319143e-01 6.778861014539355745e-02
1.932773109243697274e-01 8.229745078316746953e-02
2.016806722689075682e-01 9.910239242527184300e-02
2.100840336134453812e-01 1.183724120928032614e-01
2.184873949579831942e-01 1.402445070899802082e-01
2.268907563025210072e-01 1.648126660431223356e-01
2.352941176470588203e-01 1.921166547178089212e-01
2.436974789915966333e-01 2.221311729472483509e-01
2.521008403361344463e-01 2.547560155577625607e-01
2.605042016806722316e-01 2.898079158699329305e-01
2.689075630252100724e-01 3.270147564137894647e-01
2.773109243697479132e-01 3.660127911497405018e-01
2.857142857142856984e-01 4.063474329187088951e-01
2.941176470588235392e-01 4.474780190007016101e-01
3.025210084033613245e-01 4.887867807778232265e-01
3.109243697478991653e-01 5.295920192675721561e-01
3.193277310924369505e-01 5.691652395920755447e-01
3.277310924369747913e-01 6.067517406144250502e-01
3.361344537815125766e-01 6.415939096448177725e-01
3.445378151260504174e-01 6.729562557418875546e-01
3.529411764705882026e-01 7.001510472426590859e-01
3.613445378151260434e-01 7.225633156074982022e-01
3.697478991596638287e-01 7.396739600231927447e-01
3.781512605042016695e-01 7.510797414221408452e-01
3.865546218487394547e-01 7.565090901743933838e-01
3.949579831932772955e-01 7.558328615577670773e-01
4.033613445378151363e-01 7.490694438255245391e-01
4.117647058823529216e-01 7.363839366681294019e-01
4.201680672268907624e-01 7.180814508416374364e-01
4.285714285714285476e-01 6.945949087184466464e-01
4.369747899159663884e-01 6.664680268948623976e-01
4.453781512605041737e-01 6.343344145991003380e-01
4.537815126050420145e-01 5.988939085746837199e-01
4.621848739495797997e-01 5.608873750888396792e-01
4.705882352941176405e-01 5.210712378879192030e-01
4.789915966386554258e-01 4.801929390508591355e-01
4.873949579831932666e-01 4.389684156854914976e-01
4.957983193277310519e-01 3.980624923228691103e-01
5.042016806722688926e-01 3.580728634614644967e-01
5.126050420168066779e-01 3.195180918071939824e-01
5.210084033613444632e-01 2.828297944563985533e-01
5.294117647058823595e-01 2.483489493549756733e-01
5.378151260504201447e-01 2.163260429176467325e-01
5.462184873949579300e-01 1.869246080975865421e-01
5.546218487394958263e-01 1.602275776042531574e-01
5.630252100840336116e-01 1.362458021652451778e-01
5.714285714285713969e-01 1.149280574409156791e-01
5.798319327731091821e-01 9.617188070831972357e-02
5.882352941176470784e-01 7.983463241540607325e-02
5.966386554621848637e-01 6.574425921056567534e-02
6.050420168067226490e-01 5.370933444851064276e-02
6.134453781512604342e-01 4.352806004077417606e-02
6.218487394957983305e-01 3.499602136824214726e-02
6.302521008403361158e-01 2.791258776735634425e-02
6.386554621848739011e-01 2.208593956393551522e-02
6.470588235294116863e-01 1.733677534141651183e-02
6.554621848739495826e-01 1.350080845687588911e-02
6.638655462184873679e-01 1.043019968561970275e-02
6.722689075630251532e-01 7.994094466987745548e-03
6.806722689075630495e-01 6.078440628301039726e-03
6.890756302521008347e-01 4.585258318254355203e-03
6.974789915966386200e-01 3.431521048378366294e-03
7.058823529411764053e-01 2.547788038265965532e-03
7.142857142857143016e-01 1.876706052407808682e-03
7.226890756302520868e-01 1.371475781354365578e-03
7.310924369747898721e-01 9.943552762310993443e-04
7.394957983193276574e-01 7.152522374790260158e-04
7.478991596638655537e-01 5.104388829379641638e-04
7.563025210084033390e-01 3.614080836646397436e-04
7.647058823529411242e-01 2.538775484078672497e-04
7.731092436974789095e-01 1.769399129060503771e-04
7.815126050420168058e-01 1.223503416790593058e-04
7.899159663865545911e-01 8.393927952974461742e-05
7.983193277310923763e-01 5.713586348515870857e-05
8.067226890756302726e-01 3.858679592226594700e-05
8.151260504201680579e-01 2.585579450384382431e-05
8.235294117647058432e-01 1.718973601305233141e-05
8.319327731092436284e-01 1.133902215830747243e-05
8.403361344537815247e-01 7.421300655690935722e-06
8.487394957983193100e-01 4.819316447284127687e-06
8.571428571428570953e-01 3.105237682021964028e-06
8.655462184873948805e-01 1.985231914583352019e-06
8.739495798319327768e-01 1.259324569507239996e-06
8.823529411764705621e-01 7.926421854941912823e-07
8.907563025210083474e-01 4.950314989421708813e-07
8.991596638655461327e-01 3.067663485266095160e-07
9.075630252100840289e-01 1.886274648365472894e-07
9.159663865546218142e-01 1.150873399345062009e-07
9.243697478991595995e-01 6.967525312020429657e-08
9.327731092436973848e-01 4.185624547115858594e-08
9.411764705882352811e-01 2.495008097369165736e-08
9.495798319327730663e-01 1.475700598388273945e-08
9.579831932773108516e-01 8.658728893797455248e-09
9.663865546218487479e-01 5.035273585305869749e-09
9.747899159663865332e-01 2.888685351760520805e-09
9.831932773109243184e-01 1.598232517649812818e-09
9.915966386554621037e-01 7.514564798819734687e-10
1.000000000000000000e+00 5.242885663363501514e-22
