1.234098040866795612e-04
2.036339821207690357e-04
3.152630003135736369e-04
4.682292874690759067e-04
6.752926005809429134e-04
9.527031970944270988e-04
1.320966930465173684e-03
1.805711186614989295e-03
2.438644354230690581e-03
3.258593551111507725e-03
4.312595577898872649e-03
5.657004640139696658e-03
7.358567543465715025e-03
9.495403306076300939e-03
1.215781016217233959e-02
1.544880970776286999e-02
1.948432665825458251e-02
2.439289473463859131e-02
3.031477609182186075e-02
3.740038500073540606e-02
4.580791765019773948e-02
5.570011014831916657e-02
6.724007685752600438e-02
8.058622127831507886e-02
9.588626123873034146e-02
1.132704677089518830e-01
1.328442797617779836e-01
1.546805237252002474e-01
1.788115282713408916e-01
2.052214842633247605e-01
2.338394434935129329e-01
2.645333788726312307e-01
2.971057355114815612e-01
3.312908837455456057e-01
3.667548391403748775e-01
4.030975403103699839e-01
4.398578744755457515e-01
4.765215167588969236e-01
5.125315081329139266e-01
5.473013464082243651e-01
5.802302139378605617e-01
6.107198248556856557e-01
6.381922538485776952e-01
6.621080171348864285e-01
6.819836224097679533e-01
6.974077936750731066e-01
7.080556119001988336e-01
7.136998929494170474e-01
7.142192464366212690e-01
7.096024162783917122e-01
6.999486861924895109e-01
6.854643297480284003e-01
6.664552822481706329e-01
6.433163980453818764e-01
6.165178200690847321e-01
5.865891183975050494e-01
5.541019441810529633e-01
5.196519897298448321e-01
4.838410440176235117e-01
4.472598873906759587e-01
4.104726850121389048e-01
3.740034230332878740e-01
3.383247938722111492e-01
3.038497873921079950e-01
2.709260933640745272e-01
2.398332768246217717e-01
2.107825598947270507e-01
1.839189375794047510e-01
1.593252751589682992e-01
1.370279829539182148e-01
1.170038403287649853e-01
9.918754278429747773e-02
8.347957039058492845e-02
6.975401812674596191e-02
5.786608385279976008e-02
4.765897246723735381e-02
3.897004040446040013e-02
3.163606869138955308e-02
2.549761180890663254e-02
2.040242100896437136e-02
1.620798288627896960e-02
1.278324615271620238e-02
1.000963175306340477e-02
7.781434363854294184e-03
6.005728063425403059e-03
4.601886970768135493e-03
3.500824471709151377e-03
2.644043826265369060e-03
1.982579911774694746e-03
1.475897848109382522e-03
1.090800290645684879e-03
8.003820355663332801e-04
5.830587936132191002e-04
4.216868692764314907e-04
3.027821657398370859e-04
2.158404093764814107e-04
1.527556323454204890e-04
1.073305789660620270e-04
7.487058380854484880e-05
5.185136712230964601e-05
3.565087362070302709e-05
2.433553147355704138e-05
1.649194584776456031e-05
1.109591380723923317e-05
7.411635513693138789e-06
4.915011329008920389e-06
3.235893039919013025e-06
2.115059623437731854e-06
1.372491005499521239e-06
8.842077221506432178e-07
5.655303563803026824e-07
3.590964530290706244e-07
2.263643561309657947e-07
1.416448034163756903e-07
8.794405035050294092e-08
5.408759864921826099e-08
3.272972173006994910e-08
1.894506361419428597e-08
9.140703278797657218e-09
5.242885663363501514e-22
